<Hierarchy>:
	<Frame>: 0 4 Concrete_Barrier_1
		<Transform>: 20.01384 -1.054811E-07 36.64178 2.504478E-06 0 0 1 1 1 2.185569E-08 0 0 1  
		<TransformMatrix>: 1 0 0 0 0 1 4.371139E-08 0 0 -4.371139E-08 1 0 20.01384 -1.054811E-07 36.64178 1  
		<Mesh>: 148 Concrete_Barrier_1
			<Bounds>: 7.450581E-08 0.4484564 0 0.3377855 0.4484564 0.8682292
			<Positions>: 148 0.3247306 0.1428393 0.8682292 0.3377856 0.1297842 0.8551741 0.3300883 0.1533838 0.8551741 -0.3377854 0.1297842 0.8551741 -0.3247303 0.1428393 0.8682292 -0.3300881 0.1533838 0.8551741 0.3377856 0.1297842 -0.8551741 0.3247306 0.1428393 -0.8682292 0.3300883 0.1533838 -0.8551741 -0.3247303 0.1428393 -0.8682292 -0.3377854 0.1297842 -0.8551741 -0.3300881 0.1533838 -0.8551741 0.09077876 0.8838578 0.8682292 0.1042591 0.8844334 0.8551741 0.0873703 0.8969129 0.8551741 -0.104259 0.8844334 0.8551741 -0.09077857 0.8838578 0.8682292 -0.08737011 0.8969129 0.8551741 -0.09077857 0.8838578 -0.8682292 -0.104259 0.8844334 -0.8551741 -0.08737011 0.8969129 -0.8551741 0.1042591 0.8844334 -0.8551741 0.09077876 0.8838578 -0.8682292 0.0873703 0.8969129 -0.8551741 0.3247306 2.422333E-08 0.8682292 -0.3247303 2.422333E-08 0.8682292 -0.3247303 2.422333E-08 -0.8682292 0.3247306 2.422333E-08 -0.8682292 0.0873703 0.8969129 0.8551741 0.0873703 0.8969129 -0.8551741 -0.08737011 0.8969129 -0.8551741 -0.08737011 0.8969129 0.8551741 0.3247306 2.422333E-08 0.8682292 -0.3247303 0.1428393 0.8682292 -0.3247303 2.422333E-08 0.8682292 0.3247306 0.1428393 0.8682292 -0.1597951 0.3631063 0.8682292 0.1597953 0.3631063 0.8682292 -0.09077857 0.8838578 0.8682292 0.09077876 0.8838578 0.8682292 -0.3377854 0.01305511 0.8551741 -0.3377854 0.1297842 -0.8551741 -0.3377854 0.01305511 -0.8551741 -0.3377854 0.1297842 0.8551741 -0.3300881 0.1533838 0.8551741 -0.3300881 0.1533838 -0.8551741 -0.1805475 0.3525618 -0.8551741 -0.1805475 0.3525618 0.8551741 -0.1690164 0.3755858 0.8551741 -0.1690164 0.3755858 -0.8551741 -0.104259 0.8844334 -0.8551741 -0.104259 0.8844334 0.8551741 -0.3247303 2.422333E-08 -0.8682292 0.3247306 0.1428393 -0.8682292 0.3247306 2.422333E-08 -0.8682292 -0.3247303 0.1428393 -0.8682292 0.1597953 0.3631063 -0.8682292 -0.1597951 0.3631063 -0.8682292 0.09077876 0.8838578 -0.8682292 -0.09077857 0.8838578 -0.8682292 0.3377856 0.01305511 -0.8551741 0.3377856 0.1297842 0.8551741 0.3377856 0.01305511 0.8551741 0.3377856 0.1297842 -0.8551741 0.3300883 0.1533838 -0.8551741 0.3300883 0.1533838 0.8551741 0.1805477 0.3525618 0.8551741 0.1805477 0.3525618 -0.8551741 0.1690166 0.3755858 -0.8551741 0.1690166 0.3755858 0.8551741 0.1042591 0.8844334 0.8551741 0.1042591 0.8844334 -0.8551741 0.1597953 0.3631063 0.8682292 0.1805477 0.3525618 0.8551741 0.1690166 0.3755858 0.8551741 0.3300883 0.1533838 0.8551741 0.3247306 0.1428393 0.8682292 -0.1805475 0.3525618 0.8551741 -0.1597951 0.3631063 0.8682292 -0.1690164 0.3755858 0.8551741 -0.3247303 0.1428393 0.8682292 -0.3300881 0.1533838 0.8551741 -0.1597951 0.3631063 -0.8682292 -0.1805475 0.3525618 -0.8551741 -0.1690164 0.3755858 -0.8551741 -0.3300881 0.1533838 -0.8551741 -0.3247303 0.1428393 -0.8682292 0.1805477 0.3525618 -0.8551741 0.1597953 0.3631063 -0.8682292 0.1690166 0.3755858 -0.8551741 0.3247306 0.1428393 -0.8682292 0.3300883 0.1533838 -0.8551741 0.3247306 2.422333E-08 0.8682292 0.3247306 2.422333E-08 -0.8682292 0.3377856 0.01305511 -0.8551741 0.3377856 0.01305511 0.8551741 -0.3247303 2.422333E-08 -0.8682292 -0.3247303 2.422333E-08 0.8682292 -0.3377854 0.01305511 0.8551741 -0.3377854 0.01305511 -0.8551741 -0.3247303 2.422333E-08 0.8682292 -0.3247303 0.1428393 0.8682292 -0.3377854 0.1297842 0.8551741 -0.3377854 0.01305511 0.8551741 0.3247306 0.1428393 0.8682292 0.3247306 2.422333E-08 0.8682292 0.3377856 0.01305511 0.8551741 0.3377856 0.1297842 0.8551741 -0.3377854 0.01305511 -0.8551741 -0.3377854 0.1297842 -0.8551741 -0.3247303 0.1428393 -0.8682292 -0.3247303 2.422333E-08 -0.8682292 0.3247306 2.422333E-08 -0.8682292 0.3247306 0.1428393 -0.8682292 0.3377856 0.1297842 -0.8551741 0.3377856 0.01305511 -0.8551741 0.0873703 0.8969129 0.8551741 -0.08737011 0.8969129 0.8551741 -0.09077857 0.8838578 0.8682292 0.09077876 0.8838578 0.8682292 -0.08737011 0.8969129 0.8551741 -0.08737011 0.8969129 -0.8551741 -0.104259 0.8844334 -0.8551741 -0.104259 0.8844334 0.8551741 -0.08737011 0.8969129 -0.8551741 0.0873703 0.8969129 -0.8551741 0.09077876 0.8838578 -0.8682292 -0.09077857 0.8838578 -0.8682292 0.0873703 0.8969129 -0.8551741 0.0873703 0.8969129 0.8551741 0.1042591 0.8844334 0.8551741 0.1042591 0.8844334 -0.8551741 0.1690166 0.3755858 0.8551741 0.1042591 0.8844334 0.8551741 0.09077876 0.8838578 0.8682292 0.1597953 0.3631063 0.8682292 -0.1597951 0.3631063 0.8682292 -0.09077857 0.8838578 0.8682292 -0.104259 0.8844334 0.8551741 -0.1690164 0.3755858 0.8551741 -0.1690164 0.3755858 -0.8551741 -0.104259 0.8844334 -0.8551741 -0.09077857 0.8838578 -0.8682292 -0.1597951 0.3631063 -0.8682292 0.1597953 0.3631063 -0.8682292 0.09077876 0.8838578 -0.8682292 0.1042591 0.8844334 -0.8551741 0.1690166 0.3755858 -0.8551741  
			<Colors>: 0  
			<TextureCoords0>: 148 0.9859326 0.9680985 0.9834546 0.9705763 0.9834546 0.9660971 0.6588346 0.798103 0.6563568 0.7956252 0.6588346 0.7936239 0.6588345 0.9705763 0.6563568 0.9680985 0.6588345 0.9660972 0.9859325 0.7956252 0.9834548 0.798103 0.9834548 0.7936239 0.6037204 0.3915709 0.6054271 0.3890799 0.6064426 0.3922815 0.6054271 0.4286075 0.6037204 0.4261167 0.6064426 0.425406 0.4386207 0.3399124 0.4367812 0.3424607 0.4359742 0.3392214 0.4367811 0.3028682 0.4386207 0.3054165 0.4359742 0.3061074 0.983671 0.05833143 0.983671 0.1807517 0.6563568 0.1807517 0.6563568 0.05833143 0.5104786 0.6723202 0.5104786 0.9952091 0.47749 0.9952091 0.47749 0.6723202 0.4359742 0.3471689 0.4632574 0.4704029 0.4359742 0.4705186 0.4632575 0.3472846 0.5047556 0.4394076 0.5047556 0.3782799 0.6037204 0.4261167 0.6037204 0.3915709 0.6588346 0.820258 0.9834548 0.798103 0.9834548 0.820258 0.6588346 0.798103 0.6588346 0.7936239 0.9834548 0.7936239 0.9834548 0.7558204 0.6588346 0.7558204 0.6588346 0.7514504 0.9834548 0.7514504 0.9834548 0.6548723 0.6588346 0.6548723 0.606254 0.3842841 0.5791105 0.2610738 0.606254 0.2610447 0.5791105 0.3842549 0.5373912 0.2923132 0.5373912 0.3530158 0.4386207 0.3054165 0.4386207 0.3399124 0.6588345 0.9927312 0.9834546 0.9705763 0.9834546 0.9927312 0.6588345 0.9705763 0.6588345 0.9660972 0.9834546 0.9660971 0.9834546 0.9282936 0.6588345 0.9282936 0.6588345 0.9239237 0.9834546 0.9239237 0.9834546 0.8273456 0.6588345 0.8273456 0.5047556 0.3782799 0.5034008 0.3734282 0.507644 0.3768132 0.4660777 0.3453596 0.4632575 0.3472846 0.5034008 0.4442594 0.5047556 0.4394076 0.5076441 0.4408742 0.4632574 0.4704029 0.4660776 0.4723279 0.5373912 0.3530158 0.538762 0.3579506 0.5344872 0.3555465 0.5764222 0.3862058 0.5791105 0.3842549 0.5387621 0.2873783 0.5373912 0.2923132 0.5344872 0.2897824 0.5791105 0.2610738 0.5764222 0.2591231 0.9859326 0.995209 0.6563568 0.9952091 0.6588345 0.9927312 0.9834546 0.9927312 0.9859325 0.8227358 0.6563568 0.8227358 0.6588346 0.820258 0.9834548 0.820258 0.4359742 0.4705186 0.4632574 0.4704029 0.4606236 0.4729982 0.4384537 0.4729982 0.4632575 0.3472846 0.4359742 0.3471689 0.4384537 0.3446895 0.4606236 0.3446895 0.6037768 0.3867615 0.5816268 0.3867615 0.5791105 0.3842549 0.606254 0.3842841 0.606254 0.2610447 0.5791105 0.2610738 0.5816268 0.2585674 0.6037768 0.2585674 0.6064426 0.3922815 0.6064426 0.425406 0.6037204 0.4261167 0.6037204 0.3915709 0.47749 0.6723202 0.47749 0.9952091 0.4743016 0.9952091 0.4743016 0.6723202 0.4359742 0.3392214 0.4359742 0.3061074 0.4386207 0.3054165 0.4386207 0.3399124 0.5104786 0.9952091 0.5104786 0.6723202 0.5136669 0.6723202 0.513667 0.9952091 0.9834546 0.9239237 0.9834546 0.8273456 0.9859326 0.8274548 0.9859326 0.9262923 0.6563568 0.753819 0.6563568 0.6549816 0.6588346 0.6548723 0.6588346 0.7514504 0.9834548 0.7514504 0.9834548 0.6548723 0.9859325 0.6549816 0.9859325 0.753819 0.6563568 0.9262924 0.6563568 0.8274549 0.6588345 0.8273456 0.6588345 0.9239237  
			<TextureCoords1>: 148 0.2818266 0.3414383 0.2867703 0.3463826 0.2778336 0.3463826 0.3870063 0.3463824 0.39195 0.3414388 0.3959429 0.3463824 0.2867704 0.9940563 0.2818267 0.999 0.2778337 0.9940563 0.3919501 0.999 0.3870064 0.9940565 0.395943 0.9940565 0.3356829 0.0945366 0.3390881 0.08956659 0.3411143 0.09595454 0.3390881 0.1684312 0.3356829 0.1634616 0.3411142 0.1620437 0.5844042 0.2454651 0.5807343 0.2505494 0.579124 0.2440864 0.580734 0.1715555 0.5844043 0.1766397 0.579124 0.1780182 0.6747193 0.3459508 0.9189693 0.3459508 0.9189693 0.999 0.6747193 0.999 0.001 0.2667578 0.6452199 0.2667578 0.6452199 0.3325757 0.001 0.3325757 0.001 0.005946994 0.05543473 0.2518203 0.001 0.2520511 0.05543497 0.006177664 0.1382309 0.1899793 0.138231 0.06801885 0.3356829 0.1634616 0.3356829 0.0945366 0.3428031 0.3463824 0.3870064 0.9940565 0.3428032 0.9940565 0.3870063 0.3463824 0.3959429 0.3463824 0.395943 0.9940565 0.4713676 0.9940565 0.4713675 0.3463824 0.4800863 0.3463824 0.4800864 0.9940565 0.6727767 0.9940565 0.6727766 0.3463824 0.918862 0.3339944 0.864706 0.08816832 0.918862 0.08811027 0.864706 0.3339362 0.7814687 0.1504962 0.7814687 0.2716086 0.5844043 0.1766397 0.5844042 0.2454651 0.3309734 0.9940563 0.2867703 0.3463826 0.3309732 0.3463826 0.2867704 0.9940563 0.2778337 0.9940563 0.2778336 0.3463826 0.2024089 0.3463826 0.2024091 0.9940563 0.1936904 0.9940563 0.1936902 0.3463826 0.001 0.3463826 0.001000149 0.9940563 0.138231 0.06801885 0.1355279 0.0583387 0.1439938 0.0650925 0.06106175 0.002337098 0.05543497 0.006177664 0.1355279 0.1996595 0.1382309 0.1899793 0.1439939 0.1929053 0.05543473 0.2518203 0.06106157 0.255661 0.7814687 0.2716086 0.7842036 0.2814545 0.7756746 0.2766579 0.8593423 0.3378285 0.864706 0.3339362 0.7842039 0.1406504 0.7814687 0.1504962 0.7756746 0.145447 0.864706 0.08816832 0.8593423 0.08427626 0.3359169 0.3414383 0.335917 0.999 0.3309734 0.9940563 0.3309732 0.3463826 0.3378597 0.999 0.3378597 0.3414388 0.3428031 0.3463824 0.3428032 0.9940565 0.001 0.2520511 0.05543473 0.2518203 0.05017988 0.2569984 0.005947023 0.2569984 0.05543497 0.006177664 0.001 0.005946994 0.005947023 0.0009999871 0.05017988 0.0009999871 0.9139196 0.3389372 0.8697265 0.3389372 0.864706 0.3339362 0.918862 0.3339944 0.918862 0.08811027 0.864706 0.08816832 0.8697265 0.08316755 0.9139196 0.08316755 0.3411143 0.09595454 0.3411142 0.1620437 0.3356829 0.1634616 0.3356829 0.0945366 0.001 0.3325757 0.6452199 0.3325757 0.6452199 0.3389371 0.001 0.3389372 0.579124 0.2440864 0.579124 0.1780182 0.5844043 0.1766397 0.5844042 0.2454651 0.6452199 0.2667578 0.001 0.2667578 0.001 0.2603964 0.6452199 0.2603963 0.1936902 0.3463826 0.001 0.3463826 0.001217894 0.3414383 0.198416 0.3414383 0.4753606 0.3414388 0.6725586 0.3414388 0.6727766 0.3463824 0.4800863 0.3463824 0.4800864 0.9940565 0.6727767 0.9940565 0.6725587 0.999 0.4753607 0.999 0.1984161 0.999 0.001218132 0.999 0.001000149 0.9940563 0.1936904 0.9940563  
			<Normals>: 148 0.7283273 0.2709997 0.6293635 0.7385387 0.06773879 0.6707996 0.6954926 0.3964606 0.5992569 -0.7385368 0.06773908 0.6708015 -0.728326 0.2709999 0.629365 -0.695492 0.3964607 0.5992578 0.7385387 0.06773879 -0.6707996 0.7283273 0.2709997 -0.6293635 0.6954926 0.3964606 -0.5992569 -0.728326 0.2709999 -0.629365 -0.7385368 0.06773908 -0.6708015 -0.695492 0.3964607 -0.5992578 0.4984756 0.6746021 0.5444577 0.4984756 0.6746021 0.5444577 0.4984756 0.6746021 0.5444577 -0.4984744 0.6746023 0.5444583 -0.4984744 0.6746023 0.5444583 -0.4984744 0.6746023 0.5444583 -0.4984744 0.6746023 -0.5444583 -0.4984744 0.6746024 -0.5444583 -0.4984744 0.6746023 -0.5444583 0.4984756 0.6746021 -0.5444577 0.4984756 0.6746021 -0.5444577 0.4984756 0.6746021 -0.5444577 0 -1 0 0 -1 0 0 -1 0 0 -1 0 0 1 0 0 1 0 0 1 0 0 1 0 0 0 1 0 0 1 0 0 1 0 0 1 0 0 1 0 0 1 0 0 1 0 0 1 -1 0 0 -0.9876001 0.1569905 0 -1 0 0 -0.9876001 0.1569905 0 -0.8871586 0.4614646 0 -0.8871586 0.4614646 0 -0.8503432 0.5262284 0 -0.8503432 0.5262284 0 -0.9566719 0.291168 0 -0.9566719 0.291168 0 -0.9919992 0.1262446 0 -0.9919992 0.1262446 0 0 0 -1 0 0 -1 0 0 -1 0 0 -1 0 0 -1 0 0 -1 0 0 -1 0 0 -1 1 0 0 0.9876002 0.1569896 0 1 0 0 0.9876002 0.1569896 0 0.887159 0.4614638 0 0.887159 0.4614638 0 0.8503436 0.5262277 0 0.8503436 0.5262277 0 0.9566721 0.2911673 0 0.9566721 0.2911673 0 0.9919991 0.1262448 0 0.9919991 0.1262448 0 0.665058 0.274308 0.6945884 0.6241566 0.4306954 0.6518665 0.6912137 0.1724839 0.7017642 0.6954926 0.3964606 0.5992569 0.7283273 0.2709997 0.6293635 -0.6241565 0.4306955 0.6518666 -0.665058 0.2743086 0.6945881 -0.6912138 0.1724843 0.7017639 -0.728326 0.2709999 0.629365 -0.695492 0.3964607 0.5992578 -0.665058 0.2743086 -0.6945881 -0.6241565 0.4306956 -0.6518666 -0.6912139 0.1724843 -0.7017639 -0.695492 0.3964607 -0.5992578 -0.728326 0.2709999 -0.629365 0.6241566 0.4306954 -0.6518665 0.665058 0.274308 -0.6945884 0.6912137 0.1724839 -0.7017642 0.7283273 0.2709997 -0.6293635 0.6954926 0.3964606 -0.5992569 0.7071088 -0.7071047 0 0.7071088 -0.7071047 0 0.7071088 -0.7071047 0 0.7071088 -0.7071047 0 -0.7071068 -0.7071068 0 -0.7071068 -0.7071068 0 -0.7071068 -0.7071068 0 -0.7071068 -0.7071068 0 -0.7071048 0 0.7071087 -0.728326 0.2709999 0.629365 -0.7385368 0.06773908 0.6708015 -0.7071048 0 0.7071087 0.7283273 0.2709997 0.6293635 0.7071068 0 0.7071068 0.7071068 0 0.7071068 0.7385387 0.06773879 0.6707996 -0.7071048 0 -0.7071087 -0.7385368 0.06773908 -0.6708015 -0.728326 0.2709999 -0.629365 -0.7071048 0 -0.7071087 0.7071068 0 -0.7071068 0.7283273 0.2709997 -0.6293635 0.7385387 0.06773879 -0.6707996 0.7071068 0 -0.7071068 0 0.7071068 0.7071068 0 0.7071068 0.7071068 0 0.7071068 0.7071068 0 0.7071068 0.7071068 -0.5942795 0.8042586 0 -0.5942795 0.8042586 0 -0.5942795 0.8042586 0 -0.5942795 0.8042586 0 0 0.7071068 -0.7071068 0 0.7071068 -0.7071068 0 0.7071068 -0.7071068 0 0.7071068 -0.7071068 0.5942806 0.8042579 0 0.5942806 0.8042579 0 0.5942806 0.8042579 0 0.5942806 0.8042579 0 0.6912137 0.1724839 0.7017642 0.7273861 0.09450798 0.6796895 0.7273861 0.09450797 0.6796895 0.665058 0.274308 0.6945884 -0.665058 0.2743086 0.6945881 -0.7273861 0.09450791 0.6796895 -0.7273861 0.09450791 0.6796895 -0.6912138 0.1724843 0.7017639 -0.6912139 0.1724843 -0.7017639 -0.7273861 0.09450791 -0.6796895 -0.7273861 0.09450791 -0.6796895 -0.665058 0.2743086 -0.6945881 0.665058 0.274308 -0.6945884 0.7273861 0.09450797 -0.6796895 0.7273861 0.09450798 -0.6796895 0.6912137 0.1724839 -0.7017642  
			<Tangents>: 148 -0.6468042 -0.03135448 0.7620113 -0.6718174 -0.009828308 0.7406517 -0.6378936 -0.04319628 0.7689121 -0.6718194 0.009826425 -0.7406498 -0.6468061 0.03135249 -0.7620097 -0.6378953 0.04319402 -0.7689108 0.6718175 0.009824739 0.7406516 0.646805 0.03135098 0.7620108 0.6378948 0.04319298 0.7689113 0.6468062 -0.03135256 -0.7620097 0.6718194 -0.009826469 -0.7406498 0.6378953 -0.04319407 -0.7689109 0.02047228 0.618713 -0.7853503 0.02047228 0.618713 -0.7853503 0.02047228 0.618713 -0.7853503 -0.02048564 0.6187071 -0.7853546 -0.02048563 0.6187072 -0.7853546 -0.02048563 0.6187071 -0.7853547 0.01164 -0.6227839 -0.7823073 0.01163998 -0.6227839 -0.7823073 0.01164 -0.6227839 -0.7823073 -0.01162864 -0.6227888 -0.7823036 -0.01162864 -0.6227888 -0.7823036 -0.01162864 -0.6227888 -0.7823036 0 0 1 0 0 1 0 0 1 0 0 1 1 0 0 1 0 0 1 0 0 1 0 0 0.00309408 0.9999952 0 -0.0004235427 0.9999999 0 -0.004264332 0.9999909 0 0 1 0 0.007579233 0.9999713 0 -0.001789502 0.9999985 0 0.0007478461 0.9999998 0 0.0016028 0.9999987 0 0 0 -1 0 0 -1 0 0 -1 0 0 -1 0 0 -1 0 0 -1 0 0 -1 0 0 -1 0 0 -1 0 0 -1 0 0 -1 0 0 -1 0.001077536 -0.9999994 0 0 -1 0 -0.0007770322 -0.9999998 0 0 -1 0 0 -1 0 -0.001272482 -0.9999992 0 0 -1 0 0 -1 0 0 0 1 0 0 1 0 0 1 0 0 1 0 0 1 0 0 1 0 0 1 0 0 1 0 0 1 0 0 1 0 0 1 0 0 1 0.08735716 0.8951353 -0.4371515 -0.0988312 0.8711578 -0.4809536 0.2236556 0.8723578 -0.4347066 -0.1348922 0.891214 -0.4330608 -0.039892 0.9336826 -0.3558726 0.09882393 0.8711556 -0.4809592 -0.08737994 0.8951242 -0.4371698 -0.2236907 0.8723342 -0.4347361 0.03989983 0.9336854 -0.3558645 0.1349003 0.8912166 -0.4330528 -0.05522226 -0.9456138 -0.3205698 -0.1597673 -0.8870645 -0.4331177 0.01113067 -0.9684412 -0.2489935 -0.1366429 -0.8917581 -0.4313885 -0.04182804 -0.9343417 -0.3539155 0.1597637 -0.8870639 -0.4331206 0.05521953 -0.9456134 -0.3205713 -0.01113234 -0.968441 -0.2489943 0.0418129 -0.9343363 -0.3539311 0.136627 -0.8917531 -0.431404 0 0 1 0 0 1 0 0 1 0 0 1 0 0 -1 0 0 -1 0 0 -1 0 0 -1 -0.0006051114 0.9999996 -0.000605108 0.201126 0.9625621 -0.1817213 0.04649987 0.9976884 -0.04955358 0 1 0 -0.2011277 0.9625621 -0.1817187 0.0006048499 0.9999996 -0.0006048499 0 1 0 -0.04650137 0.9976885 -0.04955155 0 -1 0 -0.04919374 -0.9977021 -0.04658909 -0.2040277 -0.9625782 -0.1783702 0 -1 0 0 -1 0 0.204032 -0.9625783 -0.1783648 0.04919749 -0.9977021 -0.04658454 0 -1 0 0.01843876 0.7069866 -0.7069866 -0.01555361 0.7070212 -0.7070212 -0.01768035 0.7069963 -0.7069963 0.01575267 0.7070191 -0.7070191 0.8042586 0.5942795 0 0.8042586 0.5942795 0 0.8042586 0.5942795 0 0.8042586 0.5942795 0 0.01088155 -0.7070649 -0.7070649 -0.01286598 -0.7070482 -0.7070482 -0.01098917 -0.7070641 -0.7070641 0.01236753 -0.7070526 -0.7070526 0.8042579 -0.5942806 0 0.8042579 -0.5942806 0 0.8042579 -0.5942806 0 0.8042579 -0.5942806 0 -0.7103207 -0.01645487 0.7036858 -0.6830801 0.004947017 0.7303267 -0.6830652 0.004722151 0.7303421 -0.7160685 -0.02980009 0.6973936 -0.7160682 0.02980069 -0.697394 -0.6830655 -0.004727214 -0.7303418 -0.6830806 -0.004952195 -0.7303263 -0.7103203 0.0164551 -0.7036861 0.7103203 -0.01645515 -0.7036861 0.6830806 0.004952179 -0.7303263 0.6830655 0.0047272 -0.7303418 0.7160682 -0.02980074 -0.697394 0.716069 0.02979766 0.6973932 0.6830661 -0.004735279 0.7303412 0.683081 -0.004960381 0.7303258 0.710321 0.01645217 0.7036855  
			<BiTangents>: 148 -0.2262382 0.9620686 -0.1524474 -0.05676367 0.9976547 -0.03824951 -0.330729 0.9170349 -0.222857 0.05676252 0.9976547 -0.03825125 0.2262368 0.9620686 -0.1524496 0.3307272 0.917035 -0.2228593 -0.05676126 0.9976547 0.03825215 -0.2262358 0.9620688 0.1524502 -0.3307267 0.9170351 0.2228598 0.2262368 0.9620686 0.1524496 0.05676255 0.9976547 0.03825122 0.3307273 0.917035 0.2228593 0.866662 -0.4026243 -0.2946027 0.866662 -0.4026243 -0.2946027 0.866662 -0.4026243 -0.2946027 0.8666623 0.4026327 0.29459 0.8666623 0.4026327 0.29459 0.8666623 0.4026328 0.29459 0.8668263 0.3962977 -0.3025895 0.8668263 0.3962977 -0.3025895 0.8668263 0.3962977 -0.3025895 0.8668257 -0.3962905 0.3026003 0.8668257 -0.3962905 0.3026003 0.8668257 -0.3962905 0.3026003 1 0 0 1 0 0 1 0 0 1 0 0 0 0 1 0 0 1 0 0 1 0 0 1 0.9999952 -0.00309408 0 0.9999999 0.0004235427 0 0.9999909 0.004264332 0 1 0 0 0.9999713 -0.007579233 0 0.9999985 0.001789502 0 0.9999998 -0.0007478461 0 0.9999987 -0.0016028 0 0 1 0 0.1569905 0.9876001 0 0 1 0 0.1569905 0.9876001 0 0.4614646 0.8871586 0 0.4614646 0.8871586 0 0.5262284 0.8503432 0 0.5262284 0.8503432 0 0.291168 0.956672 0 0.291168 0.956672 0 0.1262446 0.9919991 0 0.1262446 0.9919991 0 0.9999994 0.001077536 0 1 0 0 0.9999996 -0.0007770321 0 1 0 0 1 0 0 0.9999992 -0.001272482 0 1 0 0 1 0 0 0 1 0 -0.1569896 0.9876003 0 0 1 0 -0.1569896 0.9876003 0 -0.4614638 0.887159 0 -0.4614638 0.887159 0 -0.5262277 0.8503437 0 -0.5262277 0.8503437 0 -0.2911673 0.9566721 0 -0.2911673 0.9566721 0 -0.1262448 0.9919991 0 -0.1262448 0.9919991 0 0.7416648 -0.3514084 -0.5713542 0.7750232 -0.2357657 -0.5863051 0.6871694 -0.4574287 -0.5644087 0.7057577 -0.2203555 -0.6733122 0.6840672 -0.2340852 -0.6908373 0.7750242 0.2357738 0.5863005 0.7416621 0.3514364 0.5713404 0.6871578 0.4574737 0.5643864 0.6840682 0.2340738 0.6908402 0.705757 0.2203447 0.6733167 0.7447472 0.1748408 -0.644036 0.7647896 0.1661863 -0.6224781 0.7225645 0.1799188 -0.6674801 0.7054216 0.2181429 -0.6743841 0.683953 0.2314407 -0.6918407 0.7647902 -0.1661905 0.6224762 0.7447474 -0.1748437 0.644035 0.7225647 -0.1799205 0.6674795 0.6839525 -0.2314622 0.691834 0.705424 -0.2181636 0.674375 0.7071047 0.7071089 0 0.7071047 0.7071089 0 0.7071047 0.7071089 0 0.7071047 0.7071089 0 -0.7071068 0.7071068 0 -0.7071068 0.7071068 0 -0.7071068 0.7071068 0 -0.7071068 0.7071068 0 0.7071085 0.0008557544 0.7071046 0.6550493 0.005770715 0.7555641 0.6726077 0.005404966 0.7399796 0.7071087 0 0.7071048 0.6550472 -0.005768259 -0.7555659 0.7071065 -0.000855387 -0.7071065 0.7071068 0 -0.7071068 0.6726056 -0.005402637 -0.7399815 0.7071087 0 -0.7071048 0.672416 0.001408524 -0.7401721 0.6541513 0.001503728 -0.7563623 0.7071087 0 -0.7071048 0.7071068 0 0.7071068 0.6541485 -0.001497662 0.7563647 0.6724137 -0.001402829 0.7401742 0.7071068 0 0.7071068 0.99983 -0.01303817 0.01303817 0.9998791 0.01099807 -0.01099807 0.9998437 0.0125019 -0.0125019 0.999876 -0.01113882 0.01113882 0 0 1 0 0 1 0 0 1 0 0 1 0.9999408 0.007694421 0.007694421 0.9999172 -0.009097619 -0.009097619 0.9999396 -0.007770517 -0.007770517 0.9999235 0.008745166 0.008745166 0 0 1 0 0 1 0 0 1 0 0 1 -0.1329219 0.9848749 -0.111145 -0.06565927 0.9955118 -0.06815492 -0.06581356 0.9955129 -0.06798993 -0.2119994 0.96118 -0.1766045 0.2120004 0.9611799 -0.1766045 0.06581004 0.9955129 -0.0679936 0.06565565 0.9955118 -0.06815866 0.1329224 0.9848748 -0.1111451 0.1329225 0.9848748 0.1111451 0.06565566 0.9955118 0.06815866 0.06581005 0.9955129 0.0679936 0.2120004 0.9611799 0.1766044 -0.2119976 0.9611802 0.1766063 -0.06580454 0.9955128 0.06799956 -0.06565011 0.9955118 0.06816472 -0.13292 0.984875 0.111147  
			<SubMeshes>: 1
				<SubMesh>: 0 252 0 1 2 3 4 5 6 7 8 9 10 11 12 13 14 15 16 17 18 19 20 21 22 23 24 25 26 24 26 27 28 29 30 28 30 31 32 33 34 32 35 33 35 36 33 35 37 36 37 38 36 37 39 38 40 41 42 40 43 41 44 41 43 44 45 41 44 46 45 44 47 46 48 46 47 48 49 46 48 50 49 48 51 50 52 53 54 52 55 53 55 56 53 55 57 56 57 58 56 57 59 58 60 61 62 60 63 61 64 61 63 64 65 61 64 66 65 64 67 66 68 66 67 68 69 66 68 70 69 68 71 70 72 73 74 75 73 72 75 72 76 77 78 79 80 78 77 80 77 81 82 83 84 85 83 82 85 82 86 87 88 89 90 88 87 90 87 91 92 93 94 92 94 95 96 97 98 96 98 99 100 101 102 100 102 103 104 105 106 104 106 107 108 109 110 108 110 111 112 113 114 112 114 115 116 117 118 116 118 119 120 121 122 120 122 123 124 125 126 124 126 127 128 129 130 128 130 131 132 133 134 132 134 135 136 137 138 136 138 139 140 141 142 140 142 143 144 145 146 144 146 147  
		</Mesh>
		<Materials>: 1
			<Material>: 0
				<AlbedoColor>: 1 1 1 1
				<EmissiveColor>: 0 0 0 1
				<Glossiness>: 0.5
				<Metallic>: 0
				<SpecularHighlight>: 1
				<GlossyReflection>: 1
				<AlbedoMap>: Metal_Concrete_Barrier_BaseColor
				<SpecularMap>: Metal_Concrete_Barrier_Roughness
				<MetallicMap>: Metal_Concrete_Barrier_Metallic
				<NormalMap>: Metal_Concrete_Barrier_Normal
				<EmissionMap>: null
				<DetailAlbedoMap>: @Metal_Concrete_Barrier_BaseColor
				<DetailNormalMap>: @Metal_Concrete_Barrier_Normal
		</Materials>
		<Children>: 0
	</Frame>
</Hierarchy>
