<Hierarchy>:
	<Frame>: 0 2 container_3
		<Transform>: -0.8656573 2.325825 -6.286713 270 0 0 1 1 1 -0.7071069 0 0 0.7071068  
		<TransformMatrix>: 1 0 0 0 0 -3.576279E-07 -1 0 0 1 -3.576279E-07 0 -0.8656573 2.325825 -6.286713 1  
		<Mesh>: 24 container_3
			<Bounds>: 0 0 0 6 2 2
			<Positions>: 24 6 -2 2 6 -2 -2 6 2 -2 6 2 2 6 2 2 6 2 -2 -6 2 -2 -6 2 2 -6 2 2 -6 2 -2 -6 -2 -2 -6 -2 2 -6 -2 2 -6 -2 -2 6 -2 -2 6 -2 2 6 -2 -2 -6 -2 -2 -6 2 -2 6 2 -2 -6 -2 2 6 -2 2 6 2 2 -6 2 2  
			<Colors>: 0  
			<TextureCoords0>: 24 0.495823 0.566482 0.495823 0.808128 0.254177 0.808128 0.254177 0.566482 0.000375 0.832297 0.000375 0.998714 0.499625 0.998714 0.499625 0.832297 0.245823 0.566482 0.245823 0.808128 0.004177 0.808128 0.004177 0.566482 0.499625 0.832297 0.499625 0.998714 0.000375 0.998714 0.000375 0.832297 0.000375 0.998714 0.499625 0.998714 0.499625 0.832297 0.000375 0.832297 0.499625 0.998714 0.000375 0.998714 0.000375 0.832297 0.499625 0.832297  
			<TextureCoords1>: 24 0.7333236 0.5046072 0.9751604 0.5046072 0.9751604 0.2627701 0.7333236 0.2627701 0.00390625 0.5085135 0.003906839 0.7503505 0.7294174 0.7503505 0.7294168 0.5085135 0.9751604 0.01702666 0.7333236 0.01702666 0.7333236 0.2588638 0.9751604 0.2588638 0.00390625 0.01702648 0.003906721 0.2588635 0.7294173 0.2588639 0.7294168 0.01702684 0.00390625 0.5046072 0.7294174 0.504607 0.7294174 0.2627701 0.00390625 0.2627704 0.00390625 0.9960936 0.7294174 0.9960938 0.7294175 0.7542569 0.003906368 0.7542567  
			<Normals>: 24 1 0 0 1 0 0 1 0 0 1 0 0 0 1 0 0 1 0 0 1 0 0 1 0 -1 0 0 -1 0 0 -1 0 0 -1 0 0 0 -1 0 0 -1 0 0 -1 0 0 -1 0 0 0 -1 0 0 -1 0 0 -1 0 0 -1 0 0 1 0 0 1 0 0 1 0 0 1  
			<Tangents>: 24 0 -1 0 0 -1 0 0 -1 0 0 -1 0 -1 0 0 -1 0 0 -1 0 0 -1 0 0 0 1 0 0 1 0 0 1 0 0 1 0 -1 0 0 -1 0 0 -1 0 0 -1 0 0 -1 0 0 -1 0 0 -1 0 0 -1 0 0 -1 0 0 -1 0 0 -1 0 0 -1 0 0  
			<BiTangents>: 24 0 0 1 0 0 1 0 0 1 0 0 1 0 0 1 0 0 1 0 0 1 0 0 1 0 0 1 0 0 1 0 0 1 0 0 1 0 0 1 0 0 1 0 0 1 0 0 1 0 1 0 0 1 0 0 1 0 0 1 0 0 1 0 0 1 0 0 1 0 0 1 0  
			<SubMeshes>: 1
				<SubMesh>: 0 36 0 1 2 0 2 3 4 5 6 4 6 7 8 9 10 8 10 11 12 13 14 12 14 15 16 17 18 16 18 19 20 21 22 20 22 23  
		</Mesh>
		<Materials>: 1
			<Material>: 0
				<AlbedoColor>: 1 1 1 1
				<AlbedoMap>: containers_diffuse
				<NormalMap>: containers_normals
		</Materials>
		<Children>: 0
	</Frame>
</Hierarchy>
