<Hierarchy>:
	<Frame>: 0 1 Wooden_box_v1_LD2square
		<Transform>: -6.250984 0.7320184 1.036605 0 0 0 1 1 1 0 0 0 1  
		<TransformMatrix>: 1 0 0 0 0 1 0 0 0 0 1 0 -6.250984 0.7320184 1.036605 1  
		<Mesh>: 206 Wooden_box_v1_LD2square
			<Bounds>: 0 0 -2.980232E-08 0.4051867 0.4061914 0.4051192
			<Positions>: 206 0.4049599 0.4061914 0.4050271 -0.4051865 0.4061914 -0.4051191 -0.4051864 0.4061914 0.405027 0.4049599 0.4061914 -0.4051192 0.374414 0.2985495 -0.3394327 0.374414 -0.3216005 0.3405287 0.3744139 -0.3216005 -0.3394327 0.3744139 0.2985495 0.3405287 0.3729808 0.2985495 -0.2821251 0.3962846 -0.3162537 0.3405287 0.3962846 0.2985495 -0.2821251 0.3729808 -0.3109068 0.3405287 0.3962846 -0.3216005 0.2904781 0.3729808 0.2920091 -0.3394327 0.3962846 0.2952793 -0.3394327 0.3729808 -0.3216005 0.2904781 0.3962846 0.2952793 -0.3394327 0.3962846 -0.3162537 0.3405287 0.3962846 -0.3216005 0.2904781 0.3962846 0.2985495 -0.2821251 0.374414 0.2985495 -0.3394327 0.4049599 -0.3216004 -0.3394327 0.4049599 0.2985494 -0.3394327 0.3744139 -0.3216005 -0.3394327 0.4049599 -0.3216004 0.3405287 0.3744139 0.2985495 0.3405287 0.4049599 0.2985494 0.3405287 0.374414 -0.3216005 0.3405287 0.4049599 -0.3216004 0.3405287 0.3744139 -0.3216005 -0.3394327 0.374414 -0.3216005 0.3405287 0.4049599 -0.3216004 -0.3394327 0.4049599 0.2985494 -0.3394327 0.3744139 0.2985495 0.3405287 0.374414 0.2985495 -0.3394327 0.4049599 0.2985494 0.3405287 -0.3746407 0.2985499 0.3393407 -0.3746408 -0.3216001 -0.3406208 -0.3746407 -0.3216001 0.3393407 -0.3746408 0.2985499 -0.3406208 -0.3732076 0.2985499 0.282033 -0.3965114 -0.3162533 -0.3406208 -0.3965114 0.2985499 0.282033 -0.3732077 -0.3109064 -0.3406208 -0.3965114 -0.3216001 -0.2905702 -0.3732076 0.2920096 0.3393407 -0.3965114 0.2952797 0.3393407 -0.3732077 -0.3216001 -0.2905701 -0.3965114 0.2952797 0.3393407 -0.3965114 -0.3162533 -0.3406208 -0.3965114 -0.3216001 -0.2905702 -0.3965114 0.2985499 0.282033 -0.3746407 0.2985499 0.3393407 -0.4051865 -0.3216001 0.3393407 -0.4051865 0.2985499 0.3393407 -0.3746407 -0.3216001 0.3393407 -0.4051867 -0.3216001 -0.3406208 -0.3746408 0.2985499 -0.3406208 -0.4051867 0.2985499 -0.3406208 -0.3746408 -0.3216001 -0.3406208 -0.4051867 -0.3216001 -0.3406208 -0.3746407 -0.3216001 0.3393407 -0.3746408 -0.3216001 -0.3406208 -0.4051865 -0.3216001 0.3393407 -0.4051865 0.2985499 0.3393407 -0.3746408 0.2985499 -0.3406208 -0.3746407 0.2985499 0.3393407 -0.4051867 0.2985499 -0.3406208 0.3826661 -0.3709163 0.3787142 -0.3802172 -0.3709169 -0.3805515 0.3826658 -0.3709163 -0.3805512 -0.3802168 -0.3709167 0.3787139 0.3183694 -0.3692613 0.3787141 -0.380217 -0.396173 -0.367459 0.3183697 -0.3961725 0.3787142 -0.3802171 -0.3692618 -0.3674589 -0.3240628 -0.3961729 -0.3805515 0.3826658 -0.3692613 0.3707066 0.3826658 -0.3961725 0.3707064 -0.3240629 -0.3692618 -0.3805515 0.3826658 -0.3961725 0.3707064 -0.3802171 -0.396173 -0.3805515 -0.3240628 -0.3961729 -0.3805515 0.3826658 -0.3961725 0.3787142 0.3183697 -0.3961725 0.3787142 -0.380217 -0.396173 -0.367459 0.3826661 -0.3709163 0.3787142 0.3826658 -0.4061908 -0.3805512 0.3826659 -0.4061907 0.3787142 0.3826658 -0.3709163 -0.3805512 -0.3802172 -0.4061914 -0.3805515 -0.3802168 -0.3709167 0.3787139 -0.3802168 -0.4061911 0.3787139 -0.3802172 -0.3709169 -0.3805515 -0.3802172 -0.4061914 -0.3805515 0.3826658 -0.3709163 -0.3805512 -0.3802172 -0.3709169 -0.3805515 0.3826658 -0.4061908 -0.3805512 0.3826659 -0.4061907 0.3787142 -0.3802168 -0.3709167 0.3787139 0.3826661 -0.3709163 0.3787142 -0.3802168 -0.4061911 0.3787139 -0.3394994 -0.3211427 0.3744811 0.340462 0.2959683 0.3744813 -0.3394994 0.2959684 0.3744812 0.3404623 -0.3211428 0.374481 -0.2821917 -0.3211427 0.373048 0.3404621 0.2906477 0.396352 -0.2821918 -0.3211427 0.3963517 0.3404621 0.285327 0.3730482 0.2904115 0.2959683 0.3963519 -0.3394992 -0.3146344 0.373048 -0.3394992 -0.3178886 0.3963516 0.2904113 0.2959683 0.3730482 -0.3394992 -0.3178886 0.3963516 0.3404621 0.2906477 0.396352 0.2904115 0.2959683 0.3963519 -0.2821918 -0.3211427 0.3963517 -0.3394994 -0.3211427 0.3744811 -0.3394994 0.2959684 0.4050272 -0.3394992 -0.3211427 0.405027 -0.3394994 0.2959684 0.3744812 0.340462 0.2959683 0.4050273 0.3404623 -0.3211428 0.374481 0.3404624 -0.3211428 0.405027 0.340462 0.2959683 0.3744813 0.340462 0.2959683 0.4050273 -0.3394994 0.2959684 0.3744812 0.340462 0.2959683 0.3744813 -0.3394994 0.2959684 0.4050272 -0.3394992 -0.3211427 0.405027 0.3404623 -0.3211428 0.374481 -0.3394994 -0.3211427 0.3744811 0.3404624 -0.3211428 0.405027 0.3392731 -0.3211427 -0.3745729 -0.3406882 0.2959682 -0.3745732 0.3392732 0.2959684 -0.3745731 -0.3406886 -0.3211428 -0.3745728 0.2819654 -0.3211427 -0.3731398 -0.3406884 0.2906477 -0.3964438 0.2819656 -0.3211427 -0.3964435 -0.3406884 0.285327 -0.37314 -0.2906378 0.2959682 -0.3964438 0.3392729 -0.3146344 -0.3731398 0.3392729 -0.3178886 -0.3964435 -0.2906376 0.2959682 -0.37314 0.3392729 -0.3178886 -0.3964435 -0.3406884 0.2906477 -0.3964438 -0.2906378 0.2959682 -0.3964438 0.2819656 -0.3211427 -0.3964435 0.3392731 -0.3211427 -0.3745729 0.3392732 0.2959684 -0.4051192 0.3392729 -0.3211427 -0.405119 0.3392732 0.2959684 -0.3745731 -0.3406883 0.2959682 -0.4051192 -0.3406886 -0.3211428 -0.3745728 -0.3406886 -0.3211428 -0.4051189 -0.3406882 0.2959682 -0.3745732 -0.3406883 0.2959682 -0.4051192 0.3392732 0.2959684 -0.3745731 -0.3406882 0.2959682 -0.3745732 0.3392732 0.2959684 -0.4051192 0.3392729 -0.3211427 -0.405119 -0.3406886 -0.3211428 -0.3745728 0.3392731 -0.3211427 -0.3745729 -0.3406886 -0.3211428 -0.4051189 -0.4049605 -0.4061909 -0.4050271 -0.3802168 -0.4061911 0.3787139 -0.4049599 -0.4061908 0.4051191 0.4051867 -0.4061908 0.4051191 -0.3802172 -0.4061914 -0.3805515 0.3826659 -0.4061907 0.3787142 0.3826658 -0.4061908 -0.3805512 0.4051862 -0.4061908 -0.4050272 -0.4051865 0.4061914 -0.4051191 -0.4051867 -0.3216001 -0.3406208 -0.4051867 0.2985499 -0.3406208 -0.4051865 0.2985499 0.3393407 -0.4049605 -0.4061909 -0.4050271 -0.4051864 0.4061914 0.405027 -0.4051865 -0.3216001 0.3393407 -0.4049599 -0.4061908 0.4051191 0.4049599 0.4061914 0.4050271 0.4049599 -0.3216004 0.3405287 0.4049599 0.2985494 0.3405287 0.4049599 0.2985494 -0.3394327 0.4051867 -0.4061908 0.4051191 0.4049599 0.4061914 -0.4051192 0.4049599 -0.3216004 -0.3394327 0.4051862 -0.4061908 -0.4050272 -0.4049605 -0.4061909 -0.4050271 -0.3406883 0.2959682 -0.4051192 -0.3406886 -0.3211428 -0.4051189 -0.4051865 0.4061914 -0.4051191 0.4051862 -0.4061908 -0.4050272 0.3392732 0.2959684 -0.4051192 0.3392729 -0.3211427 -0.405119 0.4049599 0.4061914 -0.4051192 0.4051867 -0.4061908 0.4051191 0.340462 0.2959683 0.4050273 0.3404624 -0.3211428 0.405027 0.4049599 0.4061914 0.4050271 -0.4049599 -0.4061908 0.4051191 -0.3394994 0.2959684 0.4050272 -0.3394992 -0.3211427 0.405027 -0.4051864 0.4061914 0.405027  
			<Colors>: 0  
			<TextureCoords0>: 206 0.4133245 0.6775739 0.03850923 0.3296225 0.4133245 0.3296225 0.03850927 0.6775739 0.5142685 0.0429734 0.7642164 0.2838764 0.5142685 0.2838764 0.7642164 0.0429734 0.7790756 0.0429734 0.7681521 0.2838764 0.768152 0.0429734 0.7790757 0.2838765 0.4993574 0.04558623 0.5116057 0.2838764 0.4993574 0.2838764 0.5116057 0.04558623 0.5142685 0.04424369 0.7642164 0.2817994 0.7458182 0.2838764 0.5353343 0.0429734 0.7812749 0.0429734 0.7642164 0.2838764 0.7642164 0.0429734 0.781275 0.2838765 0.4973853 0.0443356 0.5142685 0.2838764 0.4973853 0.2838764 0.5142685 0.0443356 0.7780421 0.3003064 0.5002882 0.2838764 0.7780421 0.2838765 0.5002882 0.3003064 0.7780421 0.3167364 0.5002882 0.3003064 0.7780421 0.3003064 0.5002882 0.3167364 0.5142685 0.0429734 0.7642164 0.2838764 0.5142685 0.2838764 0.7642164 0.0429734 0.7790756 0.0429734 0.7681521 0.2838764 0.768152 0.0429734 0.7790757 0.2838765 0.4993574 0.04558623 0.5116057 0.2838764 0.4993574 0.2838764 0.5116057 0.04558623 0.5142685 0.04424369 0.7642164 0.2817994 0.7458182 0.2838764 0.5353343 0.0429734 0.7812749 0.0429734 0.7642164 0.2838764 0.7642164 0.0429734 0.781275 0.2838765 0.4973853 0.0443356 0.5142685 0.2838764 0.4973853 0.2838764 0.5142685 0.0443356 0.7780421 0.3003064 0.5002882 0.2838764 0.7780421 0.2838765 0.5002882 0.3003064 0.7780421 0.3167364 0.5002882 0.3003064 0.7780421 0.3003064 0.5002882 0.3167364 0.5142685 0.0429734 0.7642164 0.2838764 0.5142685 0.2838764 0.7642164 0.0429734 0.7790756 0.0429734 0.7681521 0.2838764 0.768152 0.0429734 0.7790757 0.2838765 0.4993574 0.04558623 0.5116057 0.2838764 0.4993574 0.2838764 0.5116057 0.04558623 0.5142685 0.04551405 0.7642164 0.2838764 0.7458182 0.2838764 0.5142685 0.0429734 0.5353343 0.0429734 0.7642164 0.2797224 0.7812749 0.0429734 0.7642164 0.2838764 0.7642164 0.0429734 0.781275 0.2838765 0.4973853 0.0443356 0.5142685 0.2838764 0.4973853 0.2838764 0.5142685 0.0443356 0.7780421 0.3003064 0.5002882 0.2838764 0.7780421 0.2838765 0.5002882 0.3003064 0.7780421 0.3167364 0.5002882 0.3003064 0.7780421 0.3003064 0.5002882 0.3167364 0.5142685 0.0429734 0.7642164 0.2838764 0.5142685 0.2838764 0.7642164 0.0429734 0.7790756 0.0429734 0.7681521 0.2838764 0.768152 0.0429734 0.7790757 0.2838765 0.4993574 0.04558623 0.5116057 0.2838764 0.4993574 0.2838764 0.5116057 0.04558623 0.5142685 0.04424369 0.7642164 0.2817994 0.7458182 0.2838764 0.5353343 0.0429734 0.7812749 0.0429734 0.7642164 0.2838764 0.7642164 0.0429734 0.781275 0.2838765 0.4973853 0.0443356 0.5142685 0.2838764 0.4973853 0.2838764 0.5142685 0.0443356 0.7780421 0.3003064 0.5002882 0.2838764 0.7780421 0.2838765 0.5002882 0.3003064 0.7780421 0.3167364 0.5002882 0.3003064 0.7780421 0.3003064 0.5002882 0.3167364 0.5142685 0.0429734 0.7642164 0.2838764 0.5142685 0.2838764 0.7642164 0.0429734 0.7790756 0.0429734 0.7681521 0.2838764 0.768152 0.0429734 0.7790757 0.2838765 0.4993574 0.04558623 0.5116057 0.2838764 0.4993574 0.2838764 0.5116057 0.04558623 0.5142685 0.04424369 0.7642164 0.2817994 0.7458182 0.2838764 0.5353343 0.0429734 0.7812749 0.0429734 0.7642164 0.2838764 0.7642164 0.0429734 0.781275 0.2838765 0.4973853 0.0443356 0.5142685 0.2838764 0.4973853 0.2838764 0.5142685 0.0443356 0.7780421 0.3003064 0.5002882 0.2838764 0.7780421 0.2838765 0.5002882 0.3003064 0.7780421 0.3167364 0.5002882 0.3003064 0.7780421 0.3003064 0.5002882 0.3167364 0.7721748 0.291584 0.7642164 0.0429734 0.7721748 0.03453702 0.5067415 0.03453708 0.7642164 0.2838764 0.5142685 0.0429734 0.5142685 0.2838764 0.5067415 0.291584 0.7879254 0.001158893 0.7642164 0.2838764 0.7642164 0.0429734 0.5142685 0.0429734 0.7879254 0.3167364 0.4901228 0.001158893 0.5142685 0.2838764 0.4901228 0.3167364 0.7879254 0.001158893 0.7642164 0.2838764 0.7642164 0.0429734 0.5142685 0.0429734 0.7879254 0.3167364 0.4901228 0.001158893 0.5142685 0.2838764 0.4901228 0.3167364 0.7879254 0.009773016 0.7642164 0.2838764 0.7642164 0.0429734 0.787837 0.3262914 0.4901228 0.009773016 0.5142685 0.2838764 0.5142685 0.0429734 0.4900345 0.3262914 0.7879254 0.009773016 0.7642164 0.2838764 0.7642164 0.0429734 0.787837 0.3262914 0.4901228 0.009773016 0.5142685 0.2838764 0.5142685 0.0429734 0.4900345 0.3262914  
			<TextureCoords1>: 206 0.5345157 0.3687956 0.2715419 0.6317697 0.5345155 0.6317698 0.271542 0.3687956 0.9837601 0.226248 0.7630443 0.427549 0.9837601 0.427549 0.7630443 0.226248 0.003908936 0.9218664 0.287942 0.914201 0.00390625 0.914302 0.286728 0.9218664 0.6296985 0.9676407 0.9151448 0.9752051 0.9158865 0.9676027 0.6296984 0.9752051 0.3004874 0.9625635 0.00390625 0.9499562 0.01429941 0.9625635 0.2879395 0.9487896 0.7630443 0.6179483 0.9643453 0.6080331 0.7630443 0.6080331 0.9643453 0.6179483 0.7630443 0.6218545 0.9643453 0.6317698 0.9643453 0.6218545 0.7630444 0.6317698 0.4922577 0.09078842 0.2715419 0.1007037 0.4922577 0.1007037 0.2715419 0.09078842 0.4922576 0.0631454 0.2715419 0.07306069 0.4922576 0.07306063 0.2715419 0.06314546 0.7591379 0.02202725 0.538422 0.2233282 0.7591379 0.2233282 0.538422 0.02202725 0.5758812 0.914201 0.2918482 0.9218664 0.575884 0.9217654 0.2930623 0.914201 0.3396042 0.9676408 0.6250504 0.9752051 0.6257921 0.9676027 0.339604 0.9752051 0.9922902 0.9960938 0.695709 0.9834865 0.7061021 0.9960938 0.9797422 0.9823198 0.4728429 0.02168095 0.2715419 0.03159612 0.4728429 0.03159612 0.2715419 0.02168095 0.4728429 0.0177747 0.2715419 0.007859468 0.271542 0.0177747 0.4728428 0.007859468 0.2715419 0.08688217 0.4922577 0.07696694 0.2715419 0.07696694 0.4922577 0.08688211 0.2715419 0.1145251 0.4922577 0.10461 0.2715419 0.1046099 0.4922577 0.1145251 0.5191742 0.1184314 0.2715419 0.3648894 0.519174 0.3648893 0.271542 0.1184315 0.003906329 0.9752051 0.3356978 0.9664697 0.00390625 0.9664698 0.3356978 0.9752051 0.356999 0.9873558 0.6918026 0.9960938 0.6918027 0.9873584 0.356999 0.9960912 0.3511995 0.9960938 0.00390625 0.9828174 0.01639607 0.9960938 0.3530928 0.9943127 0.3387921 0.9791114 0.007001711 0.9799054 0.2503642 0.04045993 0.00390625 0.05191004 0.2503641 0.05191004 0.003906254 0.04045993 0.2503642 0.06726646 0.003906346 0.05581629 0.00390625 0.0672664 0.2503643 0.05581635 0.00390625 0.08262306 0.2515384 0.07117271 0.003906254 0.07117295 0.2515384 0.08262283 0.003906324 0.09797937 0.2515385 0.08652943 0.00390625 0.08652931 0.2515385 0.09797949 0.538422 0.6317698 0.759138 0.4314553 0.5384222 0.4314553 0.759138 0.6317698 0.003908956 0.9102948 0.2872557 0.9026298 0.00390625 0.9027303 0.2860507 0.9102948 0.2894084 0.9448456 0.004642464 0.9372811 0.00390625 0.9448833 0.2894086 0.9372811 0.6042321 0.9488242 0.9001644 0.9613999 0.8897344 0.9488242 0.6168174 0.9625635 0.7630443 0.562662 0.9633588 0.5527468 0.7630443 0.5527468 0.9633588 0.562662 0.7630444 0.5942115 0.9633589 0.6041268 0.9633589 0.5942116 0.7630443 0.6041267 0.4922576 0.03550237 0.2715419 0.04541767 0.4922576 0.04541761 0.2715419 0.03550237 0.2246221 0.01281691 0.003906262 0.02273214 0.2246222 0.02273214 0.00390625 0.01281691 0.538422 0.4275489 0.759138 0.2272345 0.5384222 0.2272345 0.759138 0.427549 0.5797929 0.9218664 0.8631397 0.9142015 0.5797902 0.9143021 0.8619347 0.9218664 0.2894084 0.9333371 0.004642464 0.9257727 0.00390625 0.9333749 0.2894085 0.9257727 0.3043936 0.9488242 0.6003259 0.9613999 0.5898958 0.9488242 0.3169789 0.9625635 0.9633588 0.5665683 0.7630443 0.5764836 0.9633588 0.5764835 0.7630443 0.5665683 0.9633588 0.5903052 0.7630444 0.5803899 0.7630443 0.5903051 0.9633589 0.58039 0.2715419 0.05923915 0.4922576 0.04932392 0.2715419 0.04932392 0.4922576 0.05923915 0.003906301 0.03655368 0.2246222 0.02663839 0.00390625 0.02663845 0.2246222 0.03655368 0.5391477 0.6357504 0.5471814 0.8901523 0.5391498 0.8987234 0.8021224 0.8987235 0.5471795 0.6436954 0.7948121 0.8901526 0.794812 0.6436954 0.8021222 0.6357504 0.00390625 0.8987235 0.2401501 0.8778139 0.03884909 0.8777913 0.03887384 0.6570753 0.267606 0.8987233 0.00393574 0.6357495 0.2401749 0.6570982 0.2676356 0.6357495 0.267606 0.3688691 0.03136439 0.3898055 0.2326654 0.3898053 0.2326655 0.6105213 0.003906257 0.3688394 0.2676061 0.6318432 0.03136439 0.6105211 0.00390625 0.6318132 0.00390625 0.3648598 0.2318274 0.343997 0.03151292 0.3439971 0.2676059 0.3649331 0.003906286 0.1018857 0.2318275 0.1232812 0.03151295 0.1232812 0.2676059 0.1019592 0.5352415 0.635676 0.3073203 0.6566857 0.5076349 0.6566856 0.2715419 0.6357496 0.5352415 0.89865 0.3073203 0.8774015 0.5076348 0.8774014 0.2715419 0.8987235  
			<Normals>: 206 0 1 0 0 1 0 0 1 0 0 1 0 1 0 0 1 0 0 1 0 0 1 0 0 0.002779457 0.7116277 0.7025512 0.1587982 0.7055143 0.6906756 0 0.7115785 0.7026066 0.1618079 0.7052225 0.6902748 0.001693214 -0.7162823 -0.6978085 0.09818114 -0.7110359 -0.6962675 0.09975779 -0.7108943 -0.6961879 0 -0.7163146 -0.6977775 1 0 0 1 0 0 1 0 0 1 0 0 0 0 1 0 0 1 0 0 1 0 0 1 0 0 -1 0 0 -1 0 0 -1 0 0 -1 0 1 0 0 1 0 0 1 0 0 1 0 0 -1 0 0 -1 0 0 -1 0 0 -1 0 -1 0 0 -1 0 0 -1 0 0 -1 0 0 -0.002779221 0.7116277 -0.7025512 -0.1587976 0.7055143 -0.6906757 0 0.7115785 -0.7026066 -0.1618072 0.7052226 -0.690275 -0.001695246 -0.7162823 0.6978085 -0.09818079 -0.711036 0.6962675 -0.09975755 -0.7108943 0.6961879 0 -0.7163146 0.6977774 -1 0 0 -1 0 0 -1 0 0 -1 0 0 0 0 -1 0 0 -1 0 0 -1 0 0 -1 0 0 1 0 0 1 0 0 1 0 0 1 0 1 0 0 1 0 0 1 0 0 1 0 0 -1 0 0 -1 0 0 -1 0 0 -1 0 0 -1 0 0 -1 0 0 -1 0 0 -1 0 -0.7300012 0 0.683446 -0.7300012 0 0.683446 -0.7300011 0 0.683446 -0.7300012 0 0.683446 0.7283633 0 -0.6851911 0.7283633 0 -0.6851911 0.7283633 0 -0.6851911 0.7283633 0 -0.685191 0 -1 0 0 -1 0 0 -1 0 0 -1 0 0 -1 0 0 -1 0 -1 0 0 -1 0 0 -1 0 0 -1 0 0 1 0 0 1 0 0 1 0 0 1 0 0 0 0 1 0 0 1 0 0 1 0 0 1 0 0 -1 0 0 -1 0 0 -1 0 0 -1 0 0 1 0 0 1 0 0 1 0 0 1 0.7008012 -0.7133511 0.002781388 0.6889854 -0.7072535 0.1584031 0.7008568 -0.713302 0 0.6885865 -0.7069622 0.1614099 -0.696048 0.7179933 0.001696791 -0.6945364 0.7127609 0.0979346 -0.6944575 0.7126192 0.09951188 -0.6960167 0.7180255 0 0 0 1 0 0 1 0 0 1 0 0 1 1 0 0 1 0 0 1 0 0 1 0 0 -1 0 0 -1 0 0 -1 0 0 -1 0 0 0 -1 0 0 -1 0 0 -1 0 0 -1 0 0 1 0 0 1 0 0 1 0 0 1 0 0 0 -1 0 0 -1 0 0 -1 0 0 -1 -0.7008012 -0.7133511 -0.002782267 -0.6889854 -0.7072536 -0.1584029 -0.7008569 -0.7133019 0 -0.6885865 -0.7069622 -0.1614099 0.696048 0.7179933 -0.001698536 0.6945364 0.7127609 -0.09793425 0.6944575 0.7126194 -0.09951151 0.6960168 0.7180255 0 0 0 -1 0 0 -1 0 0 -1 0 0 -1 -1 0 0 -1 0 0 -1 0 0 -1 0 0 1 0 0 1 0 0 1 0 0 1 0 0 0 -1 0 0 -1 0 0 -1 0 0 -1 0 0 1 0 0 1 0 0 1 0 0 1 0 0 -1 0 0 -1 0 0 -1 0 0 -1 0 0 -1 -1.000292E-05 0 -1 0 0 -1 0 0 -1 0 -1 -1.486188E-05 -0.000177261 -0.9999977 -0.001402922 -0.001604089 -1 0 0 -1 -0.0001473698 0.000311776 -0.9999977 -0.001682208 -0.001303525 -1 -9.643005E-05 0.0001602903 -0.9999976 -0.001268699 0.001814359 -0.999998 -0.001568458 0.001273475 1 1.523125E-05 -0.0001776324 0.9999977 0.001406557 -0.001602911 1 0 0 1 0.0001478357 0.0003102839 0.9999977 0.001683305 -0.00130594 1 9.716397E-05 0.0001592249 0.9999976 0.001266885 0.00181754 0.999998 0.001569018 0.001271895 -0.0005161756 -0.0006408332 -0.9999996 -0.0001318995 -6.022775E-05 -1 -0.0007551938 -0.0005078922 -0.9999996 -6.566953E-05 -3.770509E-05 -1 0.0005229792 -0.0006735774 -0.9999996 0 0 -1 0.0006327078 -0.0005679604 -0.9999996 7.159894E-05 0 -1 -0.0005177354 0.0006412908 0.9999996 -0.000129375 6.155545E-05 1 -0.0007530049 0.0005104096 0.9999996 -6.410353E-05 3.961501E-05 1 0.0005259715 0.0006780046 0.9999996 0 0 1 0.0006400188 0.0005694244 0.9999996 7.102118E-05 0 1  
			<Tangents>: 206 0 0 1 0 0 1 0 0 1 0 0 1 0 0 1 0 0 1 0 0 1 0 0 1 -0.9999925 0.003873617 3.25421E-05 -0.9755986 0.2195619 2.785787E-05 -1 0 0 -0.9746724 0.2236374 0 -0.9999973 -0.002358428 0 -0.9906013 -0.1367815 0 -0.9902973 -0.1389654 0 -1 0 0 0 0 1 0 0 1 0 0 1 0 0 1 -1 0 0 -1 0 0 -1 0 0 -1 0 0 -1 0 0 -1 0 0 -1 0 0 -1 0 0 0 0 1 0 0 1 0 0 1 0 0 1 0 0 -1 0 0 -1 0 0 -1 0 0 -1 0 0 -1 0 0 -1 0 0 -1 0 0 -1 0.9999925 0.003873444 -3.238258E-05 0.9755986 0.2195612 -2.773705E-05 1 0 0 0.9746727 0.2236366 0 0.9999973 -0.00235885 0 0.9906013 -0.1367808 0 0.9902973 -0.138965 0 1 0 0 0 0 -1 0 0 -1 0 0 -1 0 0 -1 1 0 0 1 0 0 1 0 0 1 0 0 1 0 0 1 0 0 1 0 0 1 0 0 0 0 -1 0 0 -1 0 0 -1 0 0 -1 0 0 1 0 0 1 0 0 1 0 0 1 -1 0 0 -1 0 0 -1 0 0 -1 0 0 -1.030232E-05 1 0 0 1 0 -1.048418E-05 1 0 0 1 0 0 1 0 0 1 0 0 1 0 0 1 0 -1 0 4.178478E-05 -1 0 0 -1 0 0 -1 0 2.083445E-05 -1 0 0 -1 0 0 0 1 0 0 1 0 0 1 0 0 1 0 0 1 0 0 1 0 0 1 0 0 1 0 -1 0 0 -1 0 0 -1 0 0 -1 0 0 1 0 0 1 0 0 1 0 0 1 0 0 1 0 0 1 0 0 1 0 0 1 0 0 3.617224E-05 -0.00386348 -0.9999926 2.740681E-05 -0.2185294 -0.9758304 0 0 -1 0 -0.2225929 -0.9749115 -1.193687E-05 0.002351662 -0.9999973 0 0.1361208 -0.9906922 0 0.1383008 -0.9903902 0 0 -1 1 0 0 1 0 0 1 0 0 1 0 0 0 0 -1 0 0 -1 0 0 -1 0 0 -1 0 0 -1 0 0 -1 0 0 -1 0 0 -1 1 0 0 1 0 0 1 0 0 1 0 0 -1 0 0 -1 0 0 -1 0 0 -1 0 0 -1 0 0 -1 0 0 -1 0 0 -1 0 0 -3.678838E-05 -0.003864107 0.9999926 -2.723225E-05 -0.2185292 0.9758304 0 0 1 0 -0.2225929 0.9749115 1.315649E-05 0.002352911 0.9999973 0 0.1361203 0.9906923 0 0.1383003 0.9903903 1.110962E-05 0 1 -1 0 0 -1 0 0 -1 0 0 -1 0 0 0 0 1 0 0 1 0 0 1 0 0 1 0 0 1 0 0 1 0 0 1 0 0 1 -1 0 0 -1 0 0 -1 0 0 -1 0 0 1 0 0 1 0 0 1 0 0 1 0 0 -0.9999931 0 -0.003728796 -0.999993 0 -0.003772792 -0.9999937 0 -0.003567814 -0.9999933 0 0.003677715 -0.9999932 0 -0.003693857 -0.9999911 0 0.004227707 -0.9999914 0 0.004148093 -0.9999926 0 0.003860866 0.000177261 0 -1 0.001604093 0 -0.9999987 0 0 -1 -0.0003117766 0 -1 0.00130353 0 -0.9999992 -0.0001602906 0 -1 -0.001814361 0 -0.9999983 -0.001273478 0 -0.9999992 0.0001776324 0 1 0.001602911 0 0.9999987 0 0 1 -0.0003102839 0 1 0.001305941 0 0.9999992 -0.0001592248 0 1 -0.00181754 0 0.9999983 -0.001271895 0 0.9999992 -0.9999992 0.00122864 0.000515388 -0.9999363 0.01128381 0.0001312114 -0.9999998 0 0.0007551944 -0.9999747 0.007106909 6.53999E-05 -0.9999993 -0.00104861 -0.0005222727 -0.9999127 -0.01320812 0 -0.9999983 -0.001725299 -0.0006317271 -0.9999759 -0.0069494 -7.15507E-05 0.9999992 0.001229763 0.0005169465 0.9999365 0.01127015 0.0001286731 0.9999998 0 0.0007530049 0.9999747 0.007105027 6.382043E-05 0.9999993 -0.001050417 -0.0005252592 0.9999127 -0.01320806 0 0.9999983 -0.001735101 -0.00063903 0.9999759 -0.006951879 -7.096764E-05  
			<BiTangents>: 206 -1 0 0 -1 0 0 -1 0 0 -1 0 0 0 1 0 0 1 0 0 1 0 0 1 0 0.002698257 0.7025461 -0.7116331 0.1516264 0.6738266 -0.7231647 0 0.7026066 -0.7115785 0.1543712 0.6727918 -0.7235473 0.001645731 -0.6978066 0.7162843 0.09523653 -0.6897235 0.7177824 0.096746 -0.689433 0.7178596 0 -0.6977775 0.7163146 0 1 0 0 1 0 0 1 0 0 1 0 0 1 0 0 1 0 0 1 0 0 1 0 0 -1 0 0 -1 0 0 -1 0 0 -1 0 -1 0 0 -1 0 0 -1 0 0 -1 0 0 -1 0 0 -1 0 0 -1 0 0 -1 0 0 0 1 0 0 1 0 0 1 0 0 1 0 -0.002698249 0.7025461 0.7116331 -0.151626 0.6738267 0.7231646 0 0.7026066 0.7115785 -0.1543707 0.6727921 0.7235472 -0.001646025 -0.6978066 -0.7162843 -0.09523604 -0.6897235 -0.7177824 -0.09674577 -0.689433 -0.7178596 0 -0.6977775 -0.7163147 0 1 0 0 1 0 0 1 0 0 1 0 0 1 0 0 1 0 0 1 0 0 1 0 0 -1 0 0 -1 0 0 -1 0 0 -1 0 1 0 0 1 0 0 1 0 0 1 0 0 1 0 0 1 0 0 1 0 0 1 0 0 0 0 1 0 0 1 0 0 1 0 0 1 0.683446 7.041078E-06 0.7300012 0.683446 0 0.7300012 0.683446 7.165371E-06 0.7300011 0.683446 0 0.7300012 -0.6851911 0 -0.7283633 -0.6851911 0 -0.7283633 -0.6851911 0 -0.7283633 -0.6851911 0 -0.7283634 4.178478E-05 0 1 0 0 1 0 0 1 2.083445E-05 0 1 0 0 1 0 0 1 0 0 1 0 0 1 0 0 1 0 0 1 0 0 -1 0 0 -1 0 0 -1 0 0 -1 0 1 0 0 1 0 0 1 0 0 1 0 0 1 0 0 1 0 0 1 0 0 1 0 0 -1 0 0 -1 0 0 -1 0 0 -1 0 -0.7133566 -0.7007961 0.002681728 -0.7247752 -0.6723372 0.1505442 -0.713302 -0.7008568 0 -0.7251542 -0.6713109 0.1532745 0.7179953 0.6960461 0.001628299 0.7194576 0.6880718 0.09454086 0.7195337 0.6877839 0.09604403 0.7180256 0.6960168 0 0 -1 0 0 -1 0 0 -1 0 0 -1 0 0 -1 0 0 -1 0 0 -1 0 0 -1 0 0 1 0 0 1 0 0 1 0 0 1 0 0 0 -1 0 0 -1 0 0 -1 0 0 -1 0 0 -1 0 0 -1 0 0 -1 0 0 -1 0 -1 0 0 -1 0 0 -1 0 0 -1 0 0.7133566 -0.7007961 -0.002681728 0.7247753 -0.6723372 -0.1505442 0.7133019 -0.7008569 0 0.7251542 -0.6713109 -0.1532745 -0.7179953 0.6960461 -0.001628292 -0.7194576 0.6880718 -0.09454051 -0.7195338 0.687784 -0.09604365 -0.7180255 0.6960168 7.976988E-06 0 -1 0 0 -1 0 0 -1 0 0 -1 0 0 -1 0 0 -1 0 0 -1 0 0 -1 0 0 1 0 0 1 0 0 1 0 0 1 0 0 0 1 0 0 1 0 0 1 0 0 1 0 0 1 0 0 1 0 0 1 0 0 1 -0.003728796 0 0.9999931 -0.003772792 0 0.9999928 -0.003567814 0 0.9999937 0.003677715 0 0.9999932 -0.003693857 -1.000285E-05 0.9999932 0.004227707 0 0.9999911 0.004148093 0 0.9999914 0.003860865 0 0.9999925 -1.486188E-05 1 -2.634431E-09 -0.00140292 0.999999 -2.250417E-06 0 1 0 -0.0001473698 1 4.594644E-08 -0.001682207 0.9999986 -2.192808E-06 -9.643005E-05 1 1.545683E-08 -0.001268697 0.9999992 2.301879E-06 -0.001568457 0.9999987 1.997397E-06 -1.523125E-05 1 2.705564E-09 -0.001406555 0.999999 2.254586E-06 0 1 0 -0.0001478357 1 -4.587104E-08 -0.001683304 0.9999986 2.198296E-06 -9.716397E-05 1 -1.547092E-08 -0.001266883 0.9999992 -2.302613E-06 -0.001569017 0.9999987 -1.995627E-06 -0.001228309 -0.999999 0.0006414668 -0.0112838 -0.9999363 6.171224E-05 3.835573E-07 -0.9999999 0.0005078921 -0.007106906 -0.9999747 3.817085E-05 0.001048258 -0.9999992 0.0006741253 0.01320812 -0.9999128 0 0.00172494 -0.9999984 0.0005690511 0.006949399 -0.9999758 4.975697E-07 0.001229432 -0.999999 0.0006419269 0.01127014 -0.9999365 6.300961E-05 -3.843409E-07 -0.9999999 0.0005104095 0.007105025 -0.9999748 4.006947E-05 -0.001050061 -0.9999992 0.0006785566 -0.01320806 -0.9999128 0 -0.001734737 -0.9999984 0.000570534 -0.006951878 -0.9999758 4.937306E-07  
			<SubMeshes>: 1
				<SubMesh>: 0 372 0 1 2 1 0 3 4 5 6 5 4 7 8 9 10 9 8 11 12 13 14 13 12 15 16 17 18 17 16 19 20 21 22 21 20 23 24 25 26 25 24 27 28 29 30 29 28 31 32 33 34 33 32 35 36 37 38 37 36 39 40 41 42 41 40 43 44 45 46 45 44 47 48 49 50 49 48 51 52 53 54 53 52 55 56 57 58 57 56 59 60 61 62 61 60 63 64 65 66 65 64 67 68 69 70 69 68 71 72 73 74 73 72 75 76 77 78 77 76 79 80 81 82 83 81 80 84 81 83 84 85 81 86 87 88 87 86 89 90 91 92 91 90 93 94 95 96 95 94 97 98 99 100 99 98 101 102 103 104 103 102 105 106 107 108 107 106 109 110 111 112 111 110 113 114 115 116 115 114 117 118 119 120 119 118 121 122 123 124 123 122 125 126 127 128 127 126 129 130 131 132 131 130 133 134 135 136 135 134 137 138 139 140 139 138 141 142 143 144 143 142 145 146 147 148 147 146 149 150 151 152 151 150 153 154 155 156 155 154 157 158 159 160 159 158 161 162 163 164 163 162 165 166 167 168 167 169 168 167 166 170 169 167 171 166 172 170 171 173 169 172 166 173 173 171 172 174 175 176 177 174 176 175 174 178 174 177 179 178 180 175 177 181 179 180 178 181 181 177 180 182 183 184 185 182 184 183 182 186 182 185 187 186 188 183 185 189 187 188 186 189 189 185 188 190 191 192 191 190 193 192 194 190 193 195 191 194 192 196 195 193 197 196 197 194 197 196 195 198 199 200 199 198 201 200 202 198 201 203 199 202 200 204 203 201 205 204 205 202 205 204 203  
		</Mesh>
		<Materials>: 1
			<Material>: 0
				<AlbedoMap>: Wooden_box_v1
		</Materials>
		<Children>: 0
	</Frame>
</Hierarchy>
